198963,1996,4,16,0,12,2.27,28.941,34.674,Nuwaybi`a,South Sinai,EG,16.4,3.9
198964,1996,4,16,0,20,42.29,39.461999999999996,24.362,Patitirion,Thessaly,GR,10.0,3.4
198965,1996,4,16,0,30,26.95,51.746,151.564,Severo-Kuril'sk,Sakhalin,RU,500.0,3.8
198966,1996,4,16,0,30,54.67,-24.061,-177.03599999999997,Vaini,Tongatapu,TO,110.9,7.2
198967,1996,4,16,1,7,14.11,-20.317999999999998,-173.62400000000002,Pangai,Ha`apai,TO,33.0,4.2
198968,1996,4,16,1,13,59.59,-33.803000000000004,-70.913,Talagante,Santiago Metropolitan,CL,70.0,3.3
198969,1996,4,16,1,29,16.59,51.678999999999995,16.246,Szlichtyngowa,Lubusz,PL,10.0,3.2
198970,1996,4,16,2,41,45.97,37.618,-118.85700000000001,Mammoth Lakes,California,US,7.1,3.2
198971,1996,4,16,2,45,55.75,13.975999999999999,120.92,Subic,Calabarzon,PH,33.0,4.5
198972,1996,4,16,5,6,5.01,-30.516,-71.247,Ovalle,Coquimbo,CL,10.0,4.4
198973,1996,4,16,5,7,32.95,34.622,-116.564,Lucerne Valley,California,US,7.2,3.1
198974,1996,4,16,5,21,51.75,-2.381,128.247,Taniwel,Maluku,ID,33.0,4.3
198975,1996,4,16,5,33,11.49,-54.19,-42.562,Grytviken,,GS,10.0,4.7
198976,1996,4,16,5,55,57.16,-24.636999999999997,-68.95,Taltal,Antofagasta,CL,103.8,4.0
198977,1996,4,16,6,5,14.24,12.78,143.016,Merizo Village,Merizo,GU,154.1,3.5
198978,1996,4,16,6,35,9.41,-31.483,-4.723,Edinburgh of the Seven Seas,Tristan da Cunha,SH,10.0,4.7
198979,1996,4,16,6,35,21.42,43.882,150.596,Kuril'sk,Hokkaido,JP,33.0,3.9
198980,1996,4,16,7,47,12.75,38.917,143.44799999999998,Yamada,Iwate,JP,33.0,3.7
198981,1996,4,16,8,24,11.26,-31.941,-71.626,Illapel,Coquimbo,CL,15.0,4.0
198982,1996,4,16,10,24,29.64,62.028999999999996,-149.45,Fishhook,Alaska,US,44.8,3.0
198983,1996,4,16,10,32,11.61,-7.409,128.47,Lospalos,Lautem,TL,150.0,4.0
198984,1996,4,16,12,32,48.56,15.76,39.369,Massawa,Northern Red Sea Region,ER,10.0,3.9
198985,1996,4,16,12,52,47.55,52.145,152.639,Severo-Kuril'sk,Sakhalin,RU,498.3,3.8
198986,1996,4,16,12,58,29.83,-17.738,-173.105,Neiafu,Vava`u,TO,33.0,4.5
198987,1996,4,16,14,3,25.44,-33.373000000000005,57.331,Saint-Philippe,Reunion,RE,10.0,5.5
198988,1996,4,16,15,12,22.99,-59.821000000000005,-26.357,Grytviken,,GS,33.0,4.5
198989,1996,4,16,16,0,20.54,-22.463,-177.287,Haveluloto,Tongatapu,TO,230.1,4.8
198990,1996,4,16,18,6,52.22,46.293,12.665,Forni di Sotto,Friuli Venezia Giulia,IT,10.0,4.0
198991,1996,4,16,19,20,11.19,-24.015,-70.209,Antofagasta,Antofagasta,CL,33.0,3.6
198992,1996,4,16,21,4,30.45,6.023,126.088,Pondaguitan,Davao,PH,154.0,4.0
198993,1996,4,16,21,11,13.83,-9.145,117.18799999999999,Padasuka,West Nusa Tenggara,ID,33.0,4.1
198994,1996,4,16,21,24,22.61,26.659000000000002,100.152,Yunhe,Yunnan,CN,10.0,4.2
198995,1996,4,16,21,26,56.72,19.845,121.521,Sabtang,Cagayan Valley,PH,42.7,4.4
198996,1996,4,16,22,43,34.67,37.644,-4.6610000000000005,Montemayor,Andalusia,ES,10.0,4.0
198997,1996,4,16,22,54,56.1,-17.767,-178.31900000000002,Alo,Circonscription d'Alo,WF,600.0,4.1
